0.0045514898374676704
0.006249717436730862
0.005178586347028613
0.008309710421599448
0.012246634811162949
0.007765972288325429
0.014438476180657744
0.017043842002749443
0.018241372890770435
0.005404689582064748
0.007305593462660909
0.004625586327165365
0.002948606968857348
0.004148862091824412
0.003947276039980352
0.007696779677644372
0.008561420952901244
0.009019075892865658
0.004981358768418431
0.0031937793828547
0.003954903455451131
0.002494765562005341
0.002463710290612653
0.0021814897190779448
0.008766820887103677
0.00788474502041936
0.009981786599382758
0.007275083102285862
0.004267634474672377
0.00482935196487233
0.0064246070105582476
0.00888232421129942
0.007797027821652591
0.009073558961972594
0.010715669253841043
0.010437262244522572
0.00605357950553298
0.007240758743137121
0.0065836969297379255
0.006385924352798611
0.007629765663295984
0.00477813818724826
0.0028854069532826543
0.0024364690179936588
0.002316606929525733
0.00569617236033082
0.005033662193454802
0.00409111037151888
0.01118531043175608
0.011390165891498327
0.012373579433187842
0.01041329000145197
0.01350464194547385
0.01414753869175911
0.0017363655497319996
0.0015881723957136273
0.0018916414701379836
0.008707434753887355
0.007214606972411275
0.007598710595630109
0.012667786795645952
0.011408144840970635
0.011609731242060661
0.008081972366198897
0.00871233781799674
0.00762649648822844
0.012106069596484303
0.016760531812906265
0.015313469804823399
0.00310442759655416
0.0030962552409619093
0.003990317229181528
0.0049148896941915154
0.0067482347367331386
0.005952241597697139
0.0008248689700849354
0.0006902965833432972
0.0007649379695067182
0.006559724221006036
0.004813552019186318
0.00568091741297394
0.012683586333878338
0.008028034353628755
0.011313345050439239
0.017251421231776476
0.019662827719002962
0.01712229650001973
0.003645441378466785
0.0040960138430818915
0.0027562827453948557
0.06796015799045563
0.06646951287984848
0.05647846311330795
0.01679322076961398
0.012837772257626057
0.015031793853268027
0.001783220679499209
0.0021896620746701956
0.0022910000989213586
0.0009839586564339697
0.00121932418551296
0.0012738069635815918
0.0034945241641253233
0.003604579484090209
0.004622317384928465
0.004211517283692956
0.004246931057423353
0.004908351926133037
0.008752655470743775
0.0058961245231330395
0.0052172691794112325
0.0025416207499802113
0.001830075983889401
0.0018050138605758548
0.008327144896611571
0.00954810343682766
0.010642662411555648
0.0002745931124081835
0.00033234483271371573
0.0002735034504439682
